29.864 40.748 17.0 7.6
30.045 40.709 13.0 5.9
30.266 40.744 22.0 5.7
28.227 40.857 15.6 5.3
29.346 40.739 10.0 5.2
29.138 40.618 10.0 5.2
29.949 40.711 10.0 5.2
28.848 40.4371 10.1 5.1
28.4829 40.8888 10.0 5.0
29.107 40.424 9.3 5.0
29.144 40.718 13.1 5.0
29.97 40.741 10.0 5.0
30.113 40.715 10.0 4.9
28.2394 40.9289 10.0 4.9
28.2741 40.8489 10.0 4.9
28.958 40.179 10.0 4.8
28.878 40.816 10.0 4.8
30.648 40.561 10.0 4.8
30.016 40.744 10.0 4.8
28.34 40.186 19.1 4.8
29.163 40.752 11.1 4.7
30.347 40.845 10.0 4.6
29.087 40.77 10.0 4.6
29.117 40.648 10.0 4.6
30.244 40.803 7.0 4.6
28.321 40.391 11.1 4.6
30.435 40.653 10.0 4.6
30.018 40.7 10.0 4.6
30.352 40.704 8.8 4.6
30.651 40.674 10.0 4.6
29.954 40.247 5.0 4.5
29.954 40.708 10.0 4.5
28.928 40.211 14.8 4.5
29.274 40.58 10.0 4.5
28.2332 40.8471 10.0 4.5
29.017 40.623 21.0 4.5
29.297 40.607 10.0 4.5
29.2 40.608 10.0 4.5
29.942 40.711 10.0 4.5
28.4987 40.8412 10.0 4.5
30.466 40.585 10.0 4.5
28.852 40.435 10.0 4.5
29.322 40.696 11.0 4.4
29.146 40.2627 11.5 4.4
29.2313 40.7105 10.0 4.4
30.6426 40.7066 10.0 4.4
28.7644 40.8751 9.3 4.4
30.646 40.654 10.0 4.4
30.121 41.183 8.9 4.3
28.925 40.43 12.1 4.3
30.1188 40.4047 7.6 4.3
30.527 40.636 10.0 4.3
30.154 40.711 10.0 4.3
28.4298 40.8537 10.0 4.3
28.436 40.425 17.2 4.3
29.011 40.621 11.2 4.3
28.9761 40.6063 10.0 4.3
28.3191 40.7814 10.0 4.3
29.2125 40.7283 10.0 4.3
28.874 40.688 10.0 4.3
29.0587 40.73 12.4 4.2
29.061 40.7 10.0 4.2
30.3 40.755 10.0 4.2
29.194 40.694 10.0 4.2
30.588 40.759 6.1 4.2
29.1965 40.4645 10.0 4.2
29.18 40.7118 7.4 4.2
28.904 40.429 23.0 4.2
29.807 40.307 33.0 4.2
28.9725 40.5313 11.0 4.2
30.16 40.659 10.0 4.2
29.13 40.555 10.0 4.2
28.955 40.595 10.0 4.2
28.977 40.395 10.7 4.2
29.218 40.837 8.8 4.2
29.11 40.709 10.0 4.2
29.1213 40.4095 5.7 4.1
29.763 40.71 11.8 4.1
28.285 40.889 9.6 4.1
29.947 40.722 10.0 4.1
30.448 40.784 10.0 4.1
29.644 40.343 33.0 4.1
29.345 40.713 10.0 4.1
30.324 40.656 7.4 4.1
29.2147 40.7032 6.8 4.1
29.225 40.408 28.4 4.1
29.251 40.42 21.6 4.1
28.994 40.751 31.5 4.1
30.408 40.739 10.0 4.1
30.389 40.727 10.0 4.1
30.079 40.763 10.0 4.1
29.017 40.65 8.5 4.1
30.203 40.739 10.0 4.1
30.559 40.676 10.0 4.1
30.261 40.902 10.0 4.1
29.994 40.72 10.0 4.1
29.162 40.615 10.0 4.1
29.263 40.489 11.4 4.1
29.801 40.711 10.0 4.1
28.39 40.586 6.4 4.0
30.197 40.568 10.0 4.0
29.985 40.542 10.0 4.0
30.617 40.644 10.0 4.0
29.1837 40.3824 10.0 4.0
28.985 40.96 10.0 4.0
30.032 40.741 17.3 4.0
29.319 40.203 4.7 4.0
30.547 40.696 10.0 4.0
29.975 40.395 19.9 4.0
28.2722 40.8719 10.0 4.0
29.964 40.736 10.0 4.0
28.845 40.413 14.0 4.0
29.708 40.694 10.0 4.0
30.603 40.511 8.0 4.0
28.556 40.687 19.1 4.0
29.02 40.781 12.5 4.0
29.2073 40.6243 10.0 4.0
28.895 40.439 5.1 4.0
30.062 40.72 11.6 4.0
29.086 40.597 10.0 4.0
30.532 40.563 10.0 4.0
29.057 40.407 10.0 4.0
